%YAML:1.0
---
keypoints_1:
   - [ 2.7533367919921875e+02, 2.8880443572998047e+01, 39.,
       2.7393151855468750e+02, 3.7932683593750000e+04, 1, -1 ]
   - [ 1.9462716674804688e+02, 5.7509616851806641e+01, 22.,
       9.2892181396484375e+01, 2.6663626953125000e+04, 0, -1 ]
   - [ 1.2042154693603516e+02, 6.6591445922851562e+01, 54.,
       9.1989692687988281e+01, 2.5543908203125000e+04, 1, -1 ]
   - [ 1.9371238708496094e+02, 5.9108551025390625e+01, 28.,
       9.1484382629394531e+01, 2.4964425781250000e+04, 1, -1 ]
   - [ 1.7209638977050781e+02, 5.6731433868408203e+01, 20.,
       9.5443710327148438e+01, 2.3860341796875000e+04, 0, -1 ]
   - [ 1.9346931457519531e+02, 7.8250373840332031e+01, 21.,
       3.4078912353515625e+02, 2.2688720703125000e+04, 0, -1 ]
   - [ 7.2040977478027344e+01, 5.7579696655273438e+01, 23.,
       9.1572860717773438e+01, 2.2304343750000000e+04, 0, -1 ]
   - [ 1.2015950012207031e+02, 6.6488983154296875e+01, 60.,
       9.4070449829101562e+01, 2.1912441406250000e+04, 2, -1 ]
   - [ 2.1403443908691406e+02, 6.4750534057617188e+01, 32.,
       9.5577178955078125e+01, 2.1764447265625000e+04, 1, -1 ]
   - [ 2.1394689941406250e+02, 6.4023643493652344e+01, 29.,
       1.0255832672119141e+02, 2.1500533203125000e+04, 0, -1 ]
   - [ 7.2585906982421875e+01, 5.8202804565429688e+01, 26.,
       8.5635894775390625e+01, 1.9026947265625000e+04, 1, -1 ]
   - [ 2.2629164123535156e+02, 1.4519393920898438e+02, 18.,
       2.9921240234375000e+02, 1.8132460937500000e+04, 0, -1 ]
   - [ 2.0320243835449219e+02, 6.6909393310546875e+01, 74.,
       9.2247138977050781e+01, 1.6741199218750000e+04, 2, -1 ]
   - [ 2.9424404907226562e+02, 1.3888432502746582e+01, 20.,
       2.6282916259765625e+02, 1.6192777343750000e+04, 0, -1 ]
   - [ 2.8419302368164062e+02, 1.3217485046386719e+02, 15.,
       8.4122497558593750e+01, 1.5561882812500000e+04, 0, -1 ]
   - [ 2.7025582885742188e+02, 2.2722856521606445e+01, 16.,
       8.8632202148437500e+01, 1.3489789062500000e+04, 0, -1 ]
   - [ 2.8352752685546875e+02, 2.3944570541381836e+01, 14.,
       1.7730133056640625e+02, 1.3254257812500000e+04, 0, -1 ]
   - [ 1.9391302490234375e+02, 6.4896972656250000e+01, 40.,
       9.3014419555664062e+01, 1.3149158203125000e+04, 1, -1 ]
   - [ 9.2294349670410156e+01, 1.4575968933105469e+02, 23.,
       1.7591981506347656e+02, 1.3107804687500000e+04, 0, -1 ]
   - [ 9.4190887451171875e+01, 1.2869131469726562e+02, 16.,
       1.5643321228027344e+02, 1.2428488281250000e+04, 0, 1 ]
   - [ 2.5476629638671875e+02, 6.5480819702148438e+01, 34.,
       9.4339088439941406e+01, 1.2397219726562500e+04, 1, -1 ]
   - [ 5.2762660980224609e+01, 4.3904819488525391e+01, 71.,
       1.1847962951660156e+02, 1.2020490234375000e+04, 2, 1 ]
   - [ 1.1306433868408203e+02, 1.1645311737060547e+02, 89.,
       1.8272297668457031e+02, 1.2015251953125000e+04, 2, 1 ]
   - [ 2.9160617065429688e+02, 8.6431221008300781e+01, 22.,
       1.0007648468017578e+02, 1.1887846679687500e+04, 0, -1 ]
   - [ 1.1345195007324219e+02, 1.0778281402587891e+02, 89.,
       1.8325473022460938e+02, 1.1609447265625000e+04, 2, 1 ]
   - [ 7.0760772705078125e+01, 1.4844920349121094e+02, 17.,
       2.6381484985351562e+02, 1.1564106445312500e+04, 0, 1 ]
   - [ 2.1774098205566406e+02, 6.2808742523193359e+01, 20.,
       1.0235828399658203e+02, 1.1557852539062500e+04, 0, -1 ]
   - [ 4.9651248931884766e+01, 1.5024290466308594e+02, 22.,
       6.0559581756591797e+01, 1.1414931640625000e+04, 0, -1 ]
   - [ 2.4620222473144531e+02, 1.3245941162109375e+02, 15.,
       8.3536254882812500e+01, 1.1310786132812500e+04, 0, -1 ]
   - [ 2.9362892150878906e+01, 4.5833580017089844e+01, 22.,
       1.2111804962158203e+02, 1.0692107421875000e+04, 0, -1 ]
   - [ 2.8213113403320312e+02, 6.8827919006347656e+01, 21.,
       9.7654808044433594e+01, 1.0454238281250000e+04, 0, -1 ]
   - [ 2.5200123596191406e+02, 1.4316250610351562e+02, 69.,
       2.7182763671875000e+02, 1.0427413085937500e+04, 2, -1 ]
   - [ 5.4604236602783203e+01, 1.2158322143554688e+02, 22.,
       3.0177148437500000e+02, 1.0269927734375000e+04, 0, -1 ]
   - [ 2.5683184814453125e+02, 6.8860511779785156e+01, 22.,
       2.6154382324218750e+02, 1.0144918945312500e+04, 0, -1 ]
   - [ 2.8510961532592773e+01, 4.8091636657714844e+01, 32.,
       1.2162345886230469e+02, 1.0060073242187500e+04, 1, -1 ]
   - [ 5.0477680206298828e+01, 5.3809837341308594e+01, 42.,
       1.2209616088867188e+02, 1.0052649414062500e+04, 1, 1 ]
   - [ 9.1536323547363281e+01, 1.4524493408203125e+02, 26.,
       1.6431129455566406e+02, 9.7205703125000000e+03, 1, -1 ]
   - [ 2.4186108398437500e+02, 8.8881698608398438e+01, 36.,
       8.3290176391601562e+01, 9.3753007812500000e+03, 1, -1 ]
   - [ 2.8413290405273438e+02, 6.6753234863281250e+01, 30.,
       9.3929550170898438e+01, 9.2400195312500000e+03, 1, -1 ]
   - [ 5.5385223388671875e+01, 5.5682212829589844e+01, 32.,
       7.4896530151367188e+01, 8.9238417968750000e+03, 1, 1 ]
   - [ 2.7003256225585938e+02, 1.0885984039306641e+02, 16.,
       3.5073672485351562e+02, 8.7445908203125000e+03, 0, -1 ]
   - [ 5.8693172454833984e+01, 5.6632095336914062e+01, 21.,
       7.8953430175781250e+01, 8.6231425781250000e+03, 0, 1 ]
   - [ 2.4236759948730469e+02, 1.1326099395751953e+02, 15.,
       2.1024212646484375e+02, 8.4896347656250000e+03, 0, 1 ]
   - [ 2.5464564514160156e+02, 9.5603950500488281e+01, 16.,
       2.3501881408691406e+02, 8.3620634765625000e+03, 0, -1 ]
   - [ 3.6500991821289062e+01, 1.3427671813964844e+02, 21.,
       2.6732098388671875e+02, 8.1259155273437500e+03, 0, 1 ]
   - [ 8.8115928649902344e+01, 5.7503791809082031e+01, 21.,
       1.0250366973876953e+02, 8.1011127929687500e+03, 0, -1 ]
   - [ 2.5998458862304688e+02, 1.3300578308105469e+02, 21.,
       9.3858207702636719e+01, 7.9908383789062500e+03, 0, -1 ]
   - [ 2.3065773010253906e+02, 1.7105508422851562e+02, 56.,
       1.0661367034912109e+02, 7.9732900390625000e+03, 1, 1 ]
   - [ 2.3731484985351562e+02, 1.4829304504394531e+02, 17.,
       2.8484124755859375e+02, 7.8098676757812500e+03, 0, -1 ]
   - [ 2.3252194213867188e+02, 1.7137632751464844e+02, 62.,
       1.1014468383789062e+02, 7.6176528320312500e+03, 2, 1 ]
   - [ 2.0936798095703125e+02, 6.9916305541992188e+01, 22.,
       2.1020745849609375e+02, 7.5729907226562500e+03, 0, -1 ]
   - [ 1.4619211196899414e+01, 6.7271827697753906e+01, 21.,
       3.4116085815429688e+02, 7.5120029296875000e+03, 0, -1 ]
   - [ 2.6252835083007812e+02, 1.3266052246093750e+02, 16.,
       9.5528068542480469e+01, 7.3785590820312500e+03, 0, -1 ]
   - [ 2.7390347290039062e+02, 8.7283912658691406e+01, 29.,
       9.0304946899414062e+01, 7.1786674804687500e+03, 0, -1 ]
   - [ 2.6405981445312500e+02, 9.5585502624511719e+01, 25.,
       3.3743020629882812e+02, 7.1519814453125000e+03, 0, 1 ]
   - [ 2.9513870239257812e+02, 1.3157534790039062e+02, 12.,
       9.0436317443847656e+01, 6.9677075195312500e+03, 0, -1 ]
   - [ 2.7437649536132812e+02, 8.8806716918945312e+01, 33.,
       9.0324630737304688e+01, 6.8820937500000000e+03, 1, -1 ]
   - [ 2.2207659912109375e+02, 1.3578654289245605e+01, 18.,
       2.5677819824218750e+02, 6.8451748046875000e+03, 0, 1 ]
   - [ 2.9261102294921875e+02, 6.9453544616699219e+01, 16.,
       2.6403619384765625e+02, 6.4739902343750000e+03, 0, -1 ]
   - [ 1.0581536865234375e+02, 6.1851005554199219e+01, 17.,
       6.7030647277832031e+01, 6.2353447265625000e+03, 0, -1 ]
   - [ 1.4954321861267090e+01, 6.5383766174316406e+01, 17.,
       3.3998190307617188e+02, 6.1938774414062500e+03, 0, -1 ]
   - [ 6.5775901794433594e+01, 1.2682537841796875e+02, 23.,
       2.5387361145019531e+02, 6.0074882812500000e+03, 0, 1 ]
   - [ 1.8495462036132812e+02, 7.3025291442871094e+01, 20.,
       3.4350027465820312e+02, 5.9901347656250000e+03, 0, 1 ]
   - [ 6.7830642700195312e+01, 1.3165916442871094e+02, 32.,
       3.3168533325195312e+02, 5.8109565429687500e+03, 1, 1 ]
   - [ 2.7000521850585938e+02, 7.4840599060058594e+01, 34.,
