%YAML:1.0
---
keypoints_2:
   - [ 2.2966390991210938e+02, 4.4377563476562500e+01, 42.,
       2.9207666015625000e+02, 5.2716460937500000e+04, 1, -1 ]
   - [ 1.9138632202148438e+02, 7.1540756225585938e+01, 32.,
       8.5596473693847656e+01, 3.3819949218750000e+04, 1, -1 ]
   - [ 2.5353712463378906e+02, 2.5908159255981445e+01, 34.,
       1.5225056457519531e+02, 3.0948689453125000e+04, 1, -1 ]
   - [ 2.3324362182617188e+02, 4.9372367858886719e+01, 23.,
       2.6402362060546875e+02, 2.7974697265625000e+04, 0, -1 ]
   - [ 2.2723104858398438e+02, 6.9513259887695312e+01, 21.,
       9.3971374511718750e+01, 2.2624445312500000e+04, 0, -1 ]
   - [ 1.4772349548339844e+02, 1.4768965148925781e+02, 19.,
       9.9351104736328125e+01, 2.1542619140625000e+04, 0, -1 ]
   - [ 2.0824209594726562e+02, 6.9345390319824219e+01, 21.,
       9.4816444396972656e+01, 2.0877695312500000e+04, 0, -1 ]
   - [ 1.7402398681640625e+02, 1.6092164611816406e+02, 19.,
       3.5088284301757812e+02, 1.7558134765625000e+04, 0, -1 ]
   - [ 2.3631340026855469e+02, 2.6632246017456055e+01, 30.,
       1.7459239196777344e+02, 1.7150658203125000e+04, 1, 1 ]
   - [ 4.2285770416259766e+01, 1.4375979614257812e+02, 16.,
       2.5059594726562500e+02, 1.7094054687500000e+04, 0, 1 ]
   - [ 1.1079078674316406e+02, 6.8102897644042969e+01, 22.,
       8.1470527648925781e+01, 1.6844878906250000e+04, 0, -1 ]
   - [ 6.1113559722900391e+01, 7.7092887878417969e+01, 76.,
       8.8903488159179688e+01, 1.5956701171875000e+04, 2, -1 ]
   - [ 2.3618429565429688e+02, 2.7361280441284180e+01, 28.,
       1.7329910278320312e+02, 1.5877998046875000e+04, 0, 1 ]
   - [ 2.7808395385742188e+02, 1.7837155151367188e+02, 27.,
       3.0212805175781250e+02, 1.5818074218750000e+04, 0, 1 ]
   - [ 2.0382026672363281e+02, 4.8302947998046875e+01, 58.,
       2.8241329956054688e+02, 1.5017801757812500e+04, 1, 1 ]
   - [ 6.9687118530273438e+01, 7.4375053405761719e+01, 52.,
       9.5700973510742188e+01, 1.5009922851562500e+04, 1, -1 ]
   - [ 1.9463613891601562e+02, 1.5864004516601562e+02, 66.,
       2.8068878173828125e+02, 1.4919926757812500e+04, 2, -1 ]
   - [ 2.7845016479492188e+02, 1.7876535034179688e+02, 29.,
       2.9873025512695312e+02, 1.4758839843750000e+04, 1, 1 ]
   - [ 1.5905378723144531e+02, 6.9931175231933594e+01, 28.,
       8.9041778564453125e+01, 1.4689170898437500e+04, 0, -1 ]
   - [ 2.3980339050292969e+02, 1.0311198425292969e+02, 22.,
       9.9159103393554688e+01, 1.4662619140625000e+04, 0, -1 ]
   - [ 2.5241682434082031e+02, 7.6038208007812500e+01, 34.,
       9.8669799804687500e+01, 1.4189467773437500e+04, 1, -1 ]
   - [ 2.0401406860351562e+02, 4.8805969238281250e+01, 58.,
       2.8537060546875000e+02, 1.4140153320312500e+04, 2, 1 ]
   - [ 1.9472373962402344e+02, 1.3247152328491211e+01, 19.,
       5.2427848815917969e+01, 1.4055707031250000e+04, 0, -1 ]
   - [ 2.5493968200683594e+02, 1.5062254333496094e+02, 21.,
       1.0423380279541016e+02, 1.3840693359375000e+04, 0, -1 ]
   - [ 2.5545182800292969e+02, 7.6153266906738281e+01, 23.,
       1.0732603454589844e+02, 1.3768715820312500e+04, 0, -1 ]
   - [ 1.6115174865722656e+02, 7.2275985717773438e+01, 42.,
       8.7407035827636719e+01, 1.3420317382812500e+04, 1, -1 ]
   - [ 2.8216366577148438e+02, 7.5999710083007812e+01, 22.,
       9.4757324218750000e+01, 1.3037162109375000e+04, 0, -1 ]
   - [ 2.4342980957031250e+02, 1.3279623413085938e+02, 15.,
       9.3197563171386719e+01, 1.2770807617187500e+04, 0, -1 ]
   - [ 2.6682995605468750e+02, 1.7231614685058594e+02, 21.,
       3.2899130249023438e+02, 1.2686009765625000e+04, 0, -1 ]
   - [ 1.1879696655273438e+02, 7.7388771057128906e+01, 65.,
       9.2717514038085938e+01, 1.2532434570312500e+04, 2, -1 ]
   - [ 2.6047483444213867e+01, 7.1945251464843750e+01, 31.,
       8.3707084655761719e+01, 1.2017239257812500e+04, 1, 1 ]
   - [ 1.8559736633300781e+02, 1.0228191375732422e+02, 22.,
       7.9948738098144531e+01, 1.2001015625000000e+04, 0, -1 ]
   - [ 2.6859838867187500e+02, 1.7259300231933594e+02, 20.,
       2.5195867919921875e+02, 1.1880253906250000e+04, 0, -1 ]
   - [ 4.4111961364746094e+01, 7.0962844848632812e+01, 33.,
       7.8268791198730469e+01, 1.1873099609375000e+04, 1, -1 ]
   - [ 2.2449696350097656e+02, 1.0589809417724609e+02, 45.,
       9.7269592285156250e+01, 1.1821729492187500e+04, 1, -1 ]
   - [ 6.1441944122314453e+01, 1.3577699279785156e+02, 29.,
       1.9687971496582031e+02, 1.1691599609375000e+04, 0, -1 ]
   - [ 1.4769264221191406e+02, 1.6066259765625000e+02, 15.,
       1.1614530181884766e+02, 1.1682714843750000e+04, 0, -1 ]
   - [ 6.0864276885986328e+01, 1.3561940002441406e+02, 29.,
       2.0468898010253906e+02, 1.1629310546875000e+04, 1, -1 ]
   - [ 1.8958004760742188e+02, 1.3009165954589844e+02, 15.,
       1.9803649902343750e+02, 1.1606698242187500e+04, 0, 1 ]
   - [ 1.7259014892578125e+02, 1.8356239318847656e+02, 57.,
       9.8106704711914062e+01, 1.1443488281250000e+04, 1, 1 ]
   - [ 1.5695703125000000e+02, 2.5498397827148438e+01, 16.,
       2.7144262695312500e+02, 1.1412112304687500e+04, 0, -1 ]
   - [ 2.3307476806640625e+02, 1.4893405151367188e+02, 16.,
       8.7231788635253906e+01, 1.1233406250000000e+04, 0, -1 ]
   - [ 1.8891767501831055e+01, 1.6284349060058594e+02, 16.,
       2.7015289306640625e+02, 1.1204562500000000e+04, 0, 1 ]
   - [ 2.0968977355957031e+02, 4.4747673034667969e+01, 31.,
       2.7958886718750000e+02, 1.1071808593750000e+04, 1, 1 ]
   - [ 2.5504005432128906e+02, 1.6899186706542969e+02, 15.,
       2.6475878906250000e+02, 1.1068090820312500e+04, 0, -1 ]
   - [ 2.1722145080566406e+02, 1.2501980590820312e+02, 16.,
       3.4852395629882812e+02, 1.0915915039062500e+04, 0, -1 ]
   - [ 2.5366294860839844e+02, 1.8431346130371094e+02, 43.,
       8.2484458923339844e+01, 1.0908269531250000e+04, 1, 1 ]
   - [ 1.5400708007812500e+02, 1.5503613281250000e+02, 20.,
       1.1659779357910156e+02, 1.0880161132812500e+04, 0, 1 ]
   - [ 1.2473071289062500e+02, 6.7078277587890625e+01, 17.,
       9.7780418395996094e+01, 1.0502105468750000e+04, 0, -1 ]
   - [ 2.1013485717773438e+02, 4.4780109405517578e+01, 28.,
       2.8275131225585938e+02, 1.0435079101562500e+04, 0, 1 ]
   - [ 1.7403762817382812e+02, 1.8429945373535156e+02, 57.,
       9.5819259643554688e+01, 1.0422858398437500e+04, 2, 1 ]
   - [ 4.1388294219970703e+01, 6.8040115356445312e+01, 15.,
       8.2815925598144531e+01, 1.0362652343750000e+04, 0, -1 ]
   - [ 1.9539431762695312e+02, 1.2552421569824219e+02, 13.,
       2.1234623718261719e+02, 1.0303472656250000e+04, 0, -1 ]
   - [ 2.1187374877929688e+02, 4.5314605712890625e+01, 23.,
       2.8588638305664062e+02, 1.0007381835937500e+04, 0, 1 ]
   - [ 1.0990436553955078e+02, 2.1614017486572266e+01, 28.,
       2.7814062500000000e+02, 9.8290800781250000e+03, 0, -1 ]
   - [ 1.6630882263183594e+02, 1.9794981384277344e+02, 16.,
       1.0870640563964844e+02, 9.7172187500000000e+03, 0, -1 ]
   - [ 2.1178710937500000e+02, 1.1262320709228516e+02, 25.,
       2.2959771728515625e+02, 9.6427626953125000e+03, 0, 1 ]
   - [ 1.9337335205078125e+02, 1.4893853759765625e+02, 16.,
       8.2406387329101562e+01, 9.6326562500000000e+03, 0, -1 ]
   - [ 1.5816291809082031e+02, 1.7801435470581055e+01, 13.,
       1.6187141418457031e+01, 9.4864023437500000e+03, 0, -1 ]
   - [ 2.5292314147949219e+02, 5.0545349121093750e+01, 57.,
       2.4462426757812500e+02, 9.4683378906250000e+03, 1, 1 ]
   - [ 2.5480067443847656e+02, 5.2738407135009766e+01, 60.,
       2.3774139404296875e+02, 9.2721972656250000e+03, 2, 1 ]
   - [ 2.5632644653320312e+02, 1.9005673217773438e+02, 24.,
       8.1992782592773438e+01, 9.1659951171875000e+03, 0, 1 ]
   - [ 2.9616146850585938e+02, 1.7394943237304688e+02, 22.,
       2.7929022216796875e+02, 8.9189335937500000e+03, 0, -1 ]
   - [ 2.0198347473144531e+02, 1.1265961456298828e+02, 17.,
       2.3577699279785156e+02, 8.9006621093750000e+03, 0, -1 ]
   - [ 2.6684368896484375e+02, 1.5123582458496094e+02, 15.,
